# t (s), h (dimensionless)
1.420878141036376953e+09 -3.231741002319304945e-02
1.420878141036621094e+09 6.405169832819843090e-02
1.420878141036865234e+09 1.621068193238283661e-01
1.420878141037109375e+09 2.410862966213678238e-01
1.420878141037353516e+09 2.834777263777769063e-01
1.420878141037597656e+09 2.817788358030943185e-01
1.420878141037841797e+09 2.429534740446863128e-01
1.420878141038085938e+09 1.884739785849111615e-01
1.420878141038330078e+09 1.492593334301630936e-01
1.420878141038574219e+09 1.566274698536088139e-01
1.420878141038818359e+09 2.319247750474315861e-01
1.420878141039062500e+09 3.781960505602641742e-01
1.420878141039306641e+09 5.768228514855973099e-01
1.420878141039550781e+09 7.905934544925229401e-01
1.420878141039794922e+09 9.726436795004157476e-01
1.420878141040039062e+09 1.078798714207090281e+00
1.420878141040283203e+09 1.079697383445959336e+00
1.420878141040527344e+09 9.690827255093084069e-01
1.420878141040771484e+09 7.657971949688053837e-01
1.420878141041015625e+09 5.089424010264373965e-01
1.420878141041259766e+09 2.477189037841351360e-01
1.420878141041503906e+09 2.898926823722194901e-02
1.420878141041748047e+09 -1.138605745762334975e-01
1.420878141041992188e+09 -1.677759348876754208e-01
1.420878141042236328e+09 -1.410844162897939569e-01
1.420878141042480469e+09 -5.904864274637566801e-02
1.420878141042724609e+09 4.420007136797657332e-02
1.420878141042968750e+09 1.346345123578360503e-01
1.420878141043212891e+09 1.856129461932655433e-01
1.420878141043457031e+09 1.818023343568776762e-01
1.420878141043701172e+09 1.194211766887126880e-01
1.420878141043945312e+09 3.725040346054100948e-03
1.420878141044189453e+09 -1.546245716130700276e-01
1.420878141044433594e+09 -3.426696831338953420e-01
1.420878141044677734e+09 -5.467334047464893487e-01
1.420878141044921875e+09 -7.523926440564586704e-01
1.420878141045166016e+09 -9.436193432918394963e-01
1.420878141045410156e+09 -1.102287367636655802e+00
1.420878141045654297e+09 -1.209093927910332766e+00
1.420878141045898438e+09 -1.246300700886979307e+00
1.420878141046142578e+09 -1.201826443251867715e+00
1.420878141046386719e+09 -1.073472137722411013e+00
1.420878141046630859e+09 -8.717379353059292457e-01
1.420878141046875000e+09 -6.199442935216963324e-01
1.420878141047119141e+09 -3.511280413931052724e-01
1.420878141047363281e+09 -1.021885444825364475e-01
1.420878141047607422e+09 9.334046388466021860e-02
1.420878141047851562e+09 2.120334199262534636e-01
1.420878141048095703e+09 2.450661829857838092e-01
1.420878141048339844e+09 1.993376959375450785e-01
1.420878141048583984e+09 9.506404013068470160e-02
1.420878141048828125e+09 -3.934332252510741590e-02
1.420878141049072266e+09 -1.736413622934500633e-01
1.420878141049316406e+09 -2.817137982475205193e-01
1.420878141049560547e+09 -3.457957889007320929e-01
1.420878141049804688e+09 -3.582957201937161384e-01
1.420878141050048828e+09 -3.212997948831523010e-01
1.420878141050292969e+09 -2.444496062162234695e-01
1.420878141050537109e+09 -1.421620129904580532e-01
1.420878141050781250e+09 -3.106021771400691023e-02
1.420878141051025391e+09 7.191432223459987005e-02
1.420878141051269531e+09 1.507492223572718948e-01
1.420878141051513672e+09 1.913992689917603518e-01
1.420878141051757812e+09 1.831402129165582426e-01
1.420878141052001953e+09 1.205043767872585880e-01
1.420878141052246094e+09 5.555869509565825037e-03
1.420878141052490234e+09 -1.502662914915991466e-01
1.420878141052734375e+09 -3.257920589550379331e-01
1.420878141052978516e+09 -4.921497131484689480e-01
1.420878141053222656e+09 -6.174578877632643792e-01
1.420878141053466797e+09 -6.735433171786990858e-01
1.420878141053710938e+09 -6.431564509525885542e-01
1.420878141053955078e+09 -5.256370525633509150e-01
1.420878141054199219e+09 -3.390843576381438185e-01
1.420878141054443359e+09 -1.178673319906097944e-01
1.420878141054687500e+09 9.440830096858704445e-02
1.420878141054931641e+09 2.549527924802126311e-01
1.420878141055175781e+09 3.322695776986603344e-01
1.420878141055419922e+09 3.141176427814670324e-01
1.420878141055664062e+09 2.105802363022186985e-01
1.420878141055908203e+09 5.120528592205336738e-02
1.420878141056152344e+09 -1.230829006466122311e-01
1.420878141056396484e+09 -2.710188083233178724e-01
1.420878141056640625e+09 -3.617791974661793142e-01
1.420878141056884766e+09 -3.823798545024167383e-01
1.420878141057128906e+09 -3.395977876061829215e-01
1.420878141057373047e+09 -2.560392170004928136e-01
1.420878141057617188e+09 -1.617916386652873406e-01
1.420878141057861328e+09 -8.443131732273914669e-02
1.420878141058105469e+09 -4.057433193828302587e-02
1.420878141058349609e+09 -3.154057088912260581e-02
1.420878141058593750e+09 -4.427555994101709663e-02
1.420878141058837891e+09 -5.693803817082097873e-02
1.420878141059082031e+09 -4.709495407512229170e-02
1.420878141059326172e+09 2.586381520826019909e-04
1.420878141059570312e+09 8.741858183781542335e-02
1.420878141059814453e+09 2.029586361773479397e-01
1.420878141060058594e+09 3.250567916076010366e-01
1.420878141060302734e+09 4.278594026034051589e-01
1.420878141060546875e+09 4.887384016545323062e-01
1.420878141060791016e+09 4.942174074304577225e-01
1.420878141061035156e+09 4.429843031059164660e-01
1.420878141061279297e+09 3.454844861967562020e-01
1.420878141061523438e+09 2.206885056096674347e-01
1.420878141061767578e+09 9.136997988234299428e-02
1.420878141062011719e+09 -2.059630040842047594e-02
1.420878141062255859e+09 -9.777559056648846281e-02
1.420878141062500000e+09 -1.290958105050621085e-01
1.420878141062744141e+09 -1.103645030736900012e-01
1.420878141062988281e+09 -4.397442695759040676e-02
1.420878141063232422e+09 6.163423673034254535e-02
1.420878141063476562e+09 1.925408572700892385e-01
1.420878141063720703e+09 3.301760207069638353e-01
1.420878141063964844e+09 4.529261475960881800e-01
1.420878141064208984e+09 5.389273344029265056e-01
1.420878141064453125e+09 5.699978866423582868e-01
1.420878141064697266e+09 5.360029309829371647e-01
1.420878141064941406e+09 4.384082681988133445e-01
1.420878141065185547e+09 2.916589389655006581e-01
1.420878141065429688e+09 1.214491589729282950e-01
1.420878141065673828e+09 -4.015969419198253676e-02
1.420878141065917969e+09 -1.617674159491436781e-01
1.420878141066162109e+09 -2.199863689588674731e-01
1.420878141066406250e+09 -2.050326462915935677e-01
1.420878141066650391e+09 -1.229030067821655914e-01
1.420878141066894531e+09 6.517432257750283009e-03
1.420878141067138672e+09 1.548350630828472241e-01
1.420878141067382812e+09 2.923827153405986756e-01
1.420878141067626953e+09 3.951712073436014494e-01
1.420878141067871094e+09 4.496214984063197639e-01
1.420878141068115234e+09 4.539638453656191786e-01
1.420878141068359375e+09 4.163299198164433501e-01
1.420878141068603516e+09 3.506167847693498762e-01
1.420878141068847656e+09 2.718087027311966164e-01
1.420878141069091797e+09 1.924132061580102748e-01
1.420878141069335938e+09 1.210416054261886643e-01
1.420878141069580078e+09 6.319396301658608550e-02
1.420878141069824219e+09 2.336934304943785734e-02
1.420878141070068359e+09 7.076159022167072266e-03
1.420878141070312500e+09 2.138156123582846124e-02
1.420878141070556641e+09 7.329998783041974386e-02
1.420878141070800781e+09 1.663332943050878920e-01
1.420878141071044922e+09 2.964440210359282624e-01
1.420878141071289062e+09 4.492717704749500940e-01
1.420878141071533203e+09 6.002408624951878213e-01
1.420878141071777344e+09 7.183539696585024004e-01
1.420878141072021484e+09 7.731800126323175038e-01
1.420878141072265625e+09 7.432649166867884016e-01
1.420878141072509766e+09 6.233958150329415027e-01
1.420878141072753906e+09 4.281750138930631167e-01
1.420878141072998047e+09 1.902837163174911084e-01
1.420878141073242188e+09 -4.660643985715623439e-02
1.420878141073486328e+09 -2.385815322340223976e-01
1.420878141073730469e+09 -3.528986841428012333e-01
1.420878141073974609e+09 -3.766722691465685391e-01
1.420878141074218750e+09 -3.201284121021998330e-01
1.420878141074462891e+09 -2.133148231856297206e-01
1.420878141074707031e+09 -9.715747742390090647e-02
1.420878141074951172e+09 -1.153025064004569930e-02
1.420878141075195312e+09 1.603760419195625342e-02
1.420878141075439453e+09 -2.241741079889865429e-02
1.420878141075683594e+09 -1.142729845991515836e-01
1.420878141075927734e+09 -2.316266969155229005e-01
1.420878141076171875e+09 -3.410054413443213139e-01
1.420878141076416016e+09 -4.141570389047037892e-01
1.420878141076660156e+09 -4.363296756632024098e-01
1.420878141076904297e+09 -4.093958599525668873e-01
1.420878141077148438e+09 -3.490262383509863398e-01
1.420878141077392578e+09 -2.772226313254341212e-01
1.420878141077636719e+09 -2.131411751590572279e-01
1.420878141077880859e+09 -1.656992321395373002e-01
1.420878141078125000e+09 -1.307550702235530660e-01
1.420878141078369141e+09 -9.391863044359141655e-02
1.420878141078613281e+09 -3.791244734911639047e-02
1.420878141078857422e+09 4.836566602933242698e-02
1.420878141079101562e+09 1.626616609072115138e-01
1.420878141079345703e+09 2.870595176036626062e-01
1.420878141079589844e+09 3.918190227415204174e-01
1.420878141079833984e+09 4.443734448898086775e-01
1.420878141080078125e+09 4.205354206855811405e-01
1.420878141080322266e+09 3.139986757058467748e-01
1.420878141080566406e+09 1.406449542217555471e-01
1.420878141080810547e+09 -6.414750945102737356e-02
1.420878141081054688e+09 -2.546252611730898119e-01
1.420878141081298828e+09 -3.874244669579165468e-01
1.420878141081542969e+09 -4.339246250481932909e-01
1.420878141081787109e+09 -3.882680588692271062e-01
1.420878141082031250e+09 -2.685938121895229402e-01
1.420878141082275391e+09 -1.113020714389287846e-01
1.420878141082519531e+09 3.958871995899138074e-02
1.420878141082763672e+09 1.444837453574268626e-01
1.420878141083007812e+09 1.779511497129516728e-01
1.420878141083251953e+09 1.334975209087574388e-01
1.420878141083496094e+09 2.254134552791031698e-02
1.420878141083740234e+09 -1.313342119413223874e-01
1.420878141083984375e+09 -3.004127783211190117e-01
1.420878141084228516e+09 -4.603384348949398630e-01
1.420878141084472656e+09 -5.948613720409090533e-01
1.420878141084716797e+09 -6.969095398724541868e-01
1.420878141084960938e+09 -7.664884136973622031e-01
1.420878141085205078e+09 -8.069602061485701139e-01
1.420878141085449219e+09 -8.215913760933625243e-01
1.420878141085693359e+09 -8.118368924875953851e-01
1.420878141085937500e+09 -7.778796699508546686e-01
1.420878141086181641e+09 -7.208651905950251848e-01
1.420878141086425781e+09 -6.454896043302960074e-01
1.420878141086669922e+09 -5.614130257304927873e-01
1.420878141086914062e+09 -4.824441886767572019e-01
1.420878141087158203e+09 -4.233873960649469081e-01
1.420878141087402344e+09 -3.954825197402350168e-01
1.420878141087646484e+09 -4.020874380124561664e-01
1.420878141087890625e+09 -4.363525095767080142e-01
1.420878141088134766e+09 -4.820538571111747661e-01
1.420878141088378906e+09 -5.176789849591341142e-01
1.420878141088623047e+09 -5.226746818478873458e-01
1.420878141088867188e+09 -4.839062341900776110e-01
1.420878141089111328e+09 -4.001709749539437144e-01
1.420878141089355469e+09 -2.831650969853516941e-01
1.420878141089599609e+09 -1.544506737362988102e-01
1.420878141089843750e+09 -3.931322548077648138e-02
1.420878141090087891e+09 4.054168021338236394e-02
1.420878141090332031e+09 7.311238450110874032e-02
1.420878141090576172e+09 5.911471252770568452e-02
1.420878141090820312e+09 1.100931721099386584e-02
1.420878141091064453e+09 -5.150846835702387050e-02
1.420878141091308594e+09 -1.079643230587721547e-01
1.420878141091552734e+09 -1.433242668131622655e-01
1.420878141091796875e+09 -1.519409622645464808e-01
1.420878141092041016e+09 -1.380145643063361849e-01
1.420878141092285156e+09 -1.125815827739487518e-01
1.420878141092529297e+09 -8.825601352361678309e-02
1.420878141092773438e+09 -7.372120354864032665e-02
1.420878141093017578e+09 -7.003204017499542466e-02
1.420878141093261719e+09 -7.010965957221912404e-02
1.420878141093505859e+09 -6.163457245272443985e-02
1.420878141093750000e+09 -3.228709372592503124e-02
1.420878141093994141e+09 2.460833054544664389e-02
1.420878141094238281e+09 1.061901405704080287e-01
1.420878141094482422e+09 1.995247711700734727e-01
1.420878141094726562e+09 2.849061635687535343e-01
1.420878141094970703e+09 3.421274621906431057e-01
1.420878141095214844e+09 3.577621762782298154e-01
1.420878141095458984e+09 3.310037118745312035e-01
1.420878141095703125e+09 2.759166612504841964e-01
1.420878141095947266e+09 2.189791259906796739e-01
1.420878141096191406e+09 1.922419662386377071e-01
1.420878141096435547e+09 2.238610857384096819e-01
1.420878141096679688e+09 3.287283101987353851e-01
1.420878141096923828e+09 5.021129900829278681e-01
1.420878141097167969e+09 7.185290572921017027e-01
1.420878141097412109e+09 9.366224529401263599e-01
1.420878141097656250e+09 1.109123233107563777e+00
1.420878141097900391e+09 1.195340592659328571e+00
1.420878141098144531e+09 1.172781888644321535e+00
1.420878141098388672e+09 1.044547284368560813e+00
1.420878141098632812e+09 8.402033335108498591e-01
1.420878141098876953e+09 6.095904287532014632e-01
1.420878141099121094e+09 4.109771426467415112e-01
1.420878141099365234e+09 2.965794672875013416e-01
1.420878141099609375e+09 2.992528765184220840e-01
1.420878141099853516e+09 4.239090772667600260e-01
1.420878141100097656e+09 6.459720188083782899e-01
1.420878141100341797e+09 9.173088287798125684e-01
1.420878141100585938e+09 1.178067932408007223e+00
1.420878141100830078e+09 1.371278916107076196e+00
1.420878141101074219e+09 1.456350305657610367e+00
1.420878141101318359e+09 1.417943108951859710e+00
1.420878141101562500e+09 1.268011182747351029e+00
1.420878141101806641e+09 1.040722539630976273e+00
1.420878141102050781e+09 7.819648492068416168e-01
1.420878141102294922e+09 5.366187251777980727e-01
1.420878141102539062e+09 3.373189714686984364e-01
1.420878141102783203e+09 1.978572469380133203e-01
1.420878141103027344e+09 1.128793252262808577e-01
1.420878141103271484e+09 6.355046827806443144e-02
1.420878141103515625e+09 2.701087317747835614e-02
1.420878141103759766e+09 -1.370314913357406628e-02
1.420878141104003906e+09 -6.267437882103032987e-02
1.420878141104248047e+09 -1.094402125790350233e-01
1.420878141104492188e+09 -1.332407514233113766e-01
1.420878141104736328e+09 -1.117777691298722231e-01
1.420878141104980469e+09 -3.152546587932375521e-02
1.420878141105224609e+09 1.039832776673778048e-01
1.420878141105468750e+09 2.709396784524382706e-01
1.420878141105712891e+09 4.286277606832772369e-01
1.420878141105957031e+09 5.288393119382226448e-01
1.420878141106201172e+09 5.288449694343506646e-01
1.420878141106445312e+09 4.041944755395476818e-01
1.420878141106689453e+09 1.574893447897303955e-01
1.420878141106933594e+09 -1.796930740466269605e-01
1.420878141107177734e+09 -5.526378900474551159e-01
1.420878141107421875e+09 -8.957841110595112788e-01
1.420878141107666016e+09 -1.148273608718228589e+00
1.420878141107910156e+09 -1.268572934048688650e+00
1.420878141108154297e+09 -1.244198142061528678e+00
1.420878141108398438e+09 -1.093943906930681553e+00
1.420878141108642578e+09 -8.621425296404587879e-01
1.420878141108886719e+09 -6.067128986644561017e-01
1.420878141109130859e+09 -3.844284984297523522e-01
1.420878141109375000e+09 -2.374543251144752842e-01
1.420878141109619141e+09 -1.846377739858010014e-01
1.420878141109863281e+09 -2.195203396710501687e-01
1.420878141110107422e+09 -3.150655199766915771e-01
1.420878141110351562e+09 -4.332668894798478720e-01
1.420878141110595703e+09 -5.366131951883043039e-01
1.420878141110839844e+09 -5.981259806067331652e-01
1.420878141111083984e+09 -6.073533405854159017e-01
1.420878141111328125e+09 -5.710526320984343762e-01
1.420878141111572266e+09 -5.089093970162993363e-01
1.420878141111816406e+09 -4.460493958236100287e-01
1.420878141112060547e+09 -4.049029856542858963e-01
1.420878141112304688e+09 -3.989538297266283506e-01
1.420878141112548828e+09 -4.300811417849019769e-01
1.420878141112792969e+09 -4.898797865931510120e-01
1.420878141113037109e+09 -5.639800674738276731e-01
1.420878141113281250e+09 -6.374652110770188118e-01
1.420878141113525391e+09 -6.993123916352252945e-01
1.420878141113769531e+09 -7.443900935103746619e-01
1.420878141114013672e+09 -7.726591837851639610e-01
1.420878141114257812e+09 -7.863868263299029771e-01
1.420878141114501953e+09 -7.869324909681343350e-01
1.420878141114746094e+09 -7.727318705151176026e-01
1.420878141114990234e+09 -7.394994130085252859e-01
1.420878141115234375e+09 -6.826626234467243481e-01
1.420878141115478516e+09 -6.010350859125830336e-01
1.420878141115722656e+09 -5.001139173622489720e-01
1.420878141115966797e+09 -3.933863107389267144e-01
1.420878141116210938e+09 -3.006639881769586076e-01
1.420878141116455078e+09 -2.435236727092370546e-01
1.420878141116699219e+09 -2.390465268318937575e-01
1.420878141116943359e+09 -2.938154276145261146e-01
1.420878141117187500e+09 -4.002517316382254164e-01
1.420878141117431641e+09 -5.367795024143189320e-01
1.420878141117675781e+09 -6.721721919287295677e-01
1.420878141117919922e+09 -7.731269025435398845e-01
1.420878141118164062e+09 -8.130424493877548286e-01
1.420878141118408203e+09 -7.794868237103338426e-01
1.420878141118652344e+09 -6.780898584945905805e-01
1.420878141118896484e+09 -5.315366446917036969e-01
1.420878141119140625e+09 -3.737134017057720525e-01
1.420878141119384766e+09 -2.404783430418746815e-01
1.420878141119628906e+09 -1.595754037009812221e-01
1.420878141119873047e+09 -1.425573207937899101e-01
1.420878141120117188e+09 -1.811130151310220426e-01
1.420878141120361328e+09 -2.490127640024091815e-01
1.420878141120605469e+09 -3.093054699730634072e-01
1.420878141120849609e+09 -3.248579205863242891e-01
1.420878141121093750e+09 -2.692612126092584490e-01
1.420878141121337891e+09 -1.348858345856438490e-01
1.420878141121582031e+09 6.442310183973748439e-02
1.420878141121826172e+09 2.969968222057491891e-01
1.420878141122070312e+09 5.224012232587600391e-01
1.420878141122314453e+09 7.032178856958951618e-01
1.420878141122558594e+09 8.158818990228964285e-01
1.420878141122802734e+09 8.570814937649364751e-01
1.420878141123046875e+09 8.435736561772960718e-01
1.420878141123291016e+09 8.054120413936410872e-01
1.420878141123535156e+09 7.748228322732464424e-01
1.420878141123779297e+09 7.745229325816480603e-01
1.420878141124023438e+09 8.095688434345089668e-01
1.420878141124267578e+09 8.656873790747672270e-01
1.420878141124511719e+09 9.148118355952727931e-01
1.420878141124755859e+09 9.259863098536046389e-01
1.420878141125000000e+09 8.778228209482985545e-01
1.420878141125244141e+09 7.680387894867080067e-01
1.420878141125488281e+09 6.165394464024858134e-01
1.420878141125732422e+09 4.607320865101303675e-01
1.420878141125976562e+09 3.444804680607645442e-01
1.420878141126220703e+09 3.043525552867137884e-01
1.420878141126464844e+09 3.577793594268279254e-01
1.420878141126708984e+09 4.970899413557312019e-01
1.420878141126953125e+09 6.913668569990408796e-01
1.420878141127197266e+09 8.954135792778393776e-01
1.420878141127441406e+09 1.062786735038764974e+00
1.420878141127685547e+09 1.158629389174196778e+00
1.420878141127929688e+09 1.168329090281977400e+00
1.420878141128173828e+09 1.099646553975606622e+00
1.420878141128417969e+09 9.782756320182934839e-01
1.420878141128662109e+09 8.389400780602759289e-01
1.420878141128906250e+09 7.153548296417744368e-01
1.420878141129150391e+09 6.323143335400532861e-01
1.420878141129394531e+09 6.019569179083648081e-01
1.420878141129638672e+09 6.244501869122416338e-01
1.420878141129882812e+09 6.916858859696768391e-01
1.420878141130126953e+09 7.916916538326508324e-01
1.420878141130371094e+09 9.116465576028329743e-01
1.420878141130615234e+09 1.038473838882287614e+00
1.420878141130859375e+09 1.157459434732613035e+00
1.420878141131103516e+09 1.250539736772745325e+00
1.420878141131347656e+09 1.296271091820600185e+00
1.420878141131591797e+09 1.272839485864483811e+00
1.420878141131835938e+09 1.164030303928299315e+00
1.420878141132080078e+09 9.664440570448451506e-01
1.420878141132324219e+09 6.951265404026876205e-01
1.420878141132568359e+09 3.847312897688985323e-01
1.420878141132812500e+09 8.450331551008904984e-02
1.420878141133056641e+09 -1.525636666959513943e-01
1.420878141133300781e+09 -2.838051357809196484e-01
1.420878141133544922e+09 -2.900391684336065534e-01
1.420878141133789062e+09 -1.833956979989772584e-01
1.420878141134033203e+09 -6.717344386291679292e-03
1.420878141134277344e+09 1.760855520139448238e-01
1.420878141134521484e+09 2.964599676882888057e-01
1.420878141134765625e+09 2.998479660934963986e-01
1.420878141135009766e+09 1.610629696854291026e-01
1.420878141135253906e+09 -1.082305687522277515e-01
1.420878141135498047e+09 -4.622300752007497127e-01
1.420878141135742188e+09 -8.331197903149203388e-01
1.420878141135986328e+09 -1.149022298451337853e+00
1.420878141136230469e+09 -1.352555553134772381e+00
1.420878141136474609e+09 -1.414787137300419495e+00
1.420878141136718750e+09 -1.340958652418095642e+00
1.420878141136962891e+09 -1.166925187737019476e+00
1.420878141137207031e+09 -9.479657740251126175e-01
1.420878141137451172e+09 -7.436372982245051944e-01
1.420878141137695312e+09 -6.031157107013784824e-01
1.420878141137939453e+09 -5.548772960923692432e-01
1.420878141138183594e+09 -6.029331769927652740e-01
1.420878141138427734e+09 -7.297444317821810689e-01
1.420878141138671875e+09 -9.040823368500321422e-01
1.420878141138916016e+09 -1.090976288770580727e+00
1.420878141139160156e+09 -1.260737263352496917e+00
1.420878141139404297e+09 -1.394764930630492561e+00
1.420878141139648438e+09 -1.487107111128743053e+00
1.420878141139892578e+09 -1.542101041932644634e+00
1.420878141140136719e+09 -1.569487505213391421e+00
1.420878141140380859e+09 -1.578902547987909077e+00
1.420878141140625000e+09 -1.575563563352376573e+00
1.420878141140869141e+09 -1.558393133275508990e+00
1.420878141141113281e+09 -1.520982295212370161e+00
1.420878141141357422e+09 -1.454926701754551521e+00
1.420878141141601562e+09 -1.354383991354495720e+00
1.420878141141845703e+09 -1.220343179946592249e+00
1.420878141142089844e+09 -1.063134614340400130e+00
1.420878141142333984e+09 -9.021327873680096143e-01
1.420878141142578125e+09 -7.623318585070912867e-01
1.420878141142822266e+09 -6.683549441673115599e-01
1.420878141143066406e+09 -6.372893678874322898e-01
1.420878141143310547e+09 -6.722956506942687760e-01
1.420878141143554688e+09 -7.590215711392442888e-01
1.420878141143798828e+09 -8.663578077892355456e-01
1.420878141144042969e+09 -9.520382606362860489e-01
1.420878141144287109e+09 -9.722292540741965805e-01
1.420878141144531250e+09 -8.929288890397859557e-01
1.420878141144775391e+09 -7.001337532797233809e-01
1.420878141145019531e+09 -4.056776523654721522e-01
1.420878141145263672e+09 -4.655248932677602536e-02
1.420878141145507812e+09 3.227649207684964994e-01
1.420878141145751953e+09 6.433819969685788953e-01
1.420878141145996094e+09 8.670590136394897840e-01
1.420878141146240234e+09 9.689837480030026873e-01
1.420878141146484375e+09 9.543508051104599987e-01
1.420878141146728516e+09 8.565112412812081466e-01
1.420878141146972656e+09 7.269530455410684322e-01
1.420878141147216797e+09 6.199368161703360247e-01
1.420878141147460938e+09 5.764074650290400559e-01
1.420878141147705078e+09 6.121958408083391090e-01
1.420878141147949219e+09 7.143071528076180288e-01
1.420878141148193359e+09 8.465876564150096595e-01
1.420878141148437500e+09 9.630383004003720826e-01
1.420878141148681641e+09 1.024484745476618164e+00
1.420878141148925781e+09 1.013085913170313379e+00
1.420878141149169922e+09 9.397277464045876716e-01
1.420878141149414062e+09 8.415836470306528039e-01
1.420878141149658203e+09 7.703391954502208927e-01
1.420878141149902344e+09 7.747272803503552074e-01
1.420878141150146484e+09 8.830362627159870081e-01
1.420878141150390625e+09 1.091427941277668401e+00
1.420878141150634766e+09 1.362136580157550236e+00
1.420878141150878906e+09 1.632477253700966413e+00
1.420878141151123047e+09 1.832106018983558071e+00
1.420878141151367188e+09 1.903300315456680991e+00
1.420878141151611328e+09 1.818044992854014996e+00
1.420878141151855469e+09 1.586724173161259133e+00
1.420878141152099609e+09 1.255869132080655648e+00
1.420878141152343750e+09 8.958024066318400758e-01
1.420878141152587891e+09 5.820376319822538891e-01
1.420878141152832031e+09 3.759972184050335287e-01
1.420878141153076172e+09 3.105226757933324810e-01
1.420878141153320312e+09 3.839047773097680194e-01
1.420878141153564453e+09 5.634038841492191585e-01
1.420878141153808594e+09 7.963911025079783990e-01
1.420878141154052734e+09 1.025206152166459495e+00
1.420878141154296875e+09 1.201167303628799310e+00
1.420878141154541016e+09 1.293970917319508196e+00
1.420878141154785156e+09 1.294591149048038403e+00
1.420878141155029297e+09 1.212024463972559474e+00
1.420878141155273438e+09 1.066055170432665067e+00
1.420878141155517578e+09 8.790948225131702820e-01
1.420878141155761719e+09 6.698965078470776602e-01
1.420878141156005859e+09 4.507898395300976579e-01
1.420878141156250000e+09 2.285293689657650340e-01
1.420878141156494141e+09 7.484210164911853091e-03
1.420878141156738281e+09 -2.068190540429156177e-01
1.420878141156982422e+09 -4.056639945174891349e-01
1.420878141157226562e+09 -5.776466726900975068e-01
1.420878141157470703e+09 -7.115554771381690236e-01
1.420878141157714844e+09 -8.004205542672364615e-01
1.420878141157958984e+09 -8.449969452645047507e-01
1.420878141158203125e+09 -8.551125443474674181e-01
1.420878141158447266e+09 -8.480789070699509269e-01
1.420878141158691406e+09 -8.444236584286113345e-01
1.420878141158935547e+09 -8.621697628410752712e-01
1.420878141159179688e+09 -9.114328492003317406e-01
1.420878141159423828e+09 -9.910704523949949163e-01
1.420878141159667969e+09 -1.088530077542863461e+00
1.420878141159912109e+09 -1.183104186909498257e+00
1.420878141160156250e+09 -1.251797049671035333e+00
1.420878141160400391e+09 -1.276228358568477494e+00
1.420878141160644531e+09 -1.248650595427820642e+00
1.420878141160888672e+09 -1.175325738921274787e+00
1.420878141161132812e+09 -1.076144895364052223e+00
1.420878141161376953e+09 -9.803260549920668199e-01
1.420878141161621094e+09 -9.190647243446173897e-01
1.420878141161865234e+09 -9.168893660247583455e-01
1.420878141162109375e+09 -9.839625901400006480e-01
1.420878141162353516e+09 -1.111517460499432453e+00
1.420878141162597656e+09 -1.271987638050735114e+00
1.420878141162841797e+09 -1.424278853079082641e+00
1.420878141163085938e+09 -1.523270762883258023e+00
1.420878141163330078e+09 -1.531367821281384156e+00
1.420878141163574219e+09 -1.429103923644037488e+00
1.420878141163818359e+09 -1.221750494944473076e+00
1.420878141164062500e+09 -9.397074909365217277e-01
1.420878141164306641e+09 -6.320416966336822595e-01
1.420878141164550781e+09 -3.544849243473608968e-01
1.420878141164794922e+09 -1.549515048226114411e-01
1.420878141165039062e+09 -6.060830145933615576e-02
1.420878141165283203e+09 -7.034520868773086466e-02
1.420878141165527344e+09 -1.551024784301669457e-01
1.420878141165771484e+09 -2.662595868046729874e-01
1.420878141166015625e+09 -3.498401835931338466e-01
1.420878141166259766e+09 -3.624174690173023738e-01
1.420878141166503906e+09 -2.839539108350475072e-01
1.420878141166748047e+09 -1.236517484630734187e-01
1.420878141166992188e+09 8.298766768275817052e-02
1.420878141167236328e+09 2.849580704557883037e-01
1.420878141167480469e+09 4.310025675139136925e-01
1.420878141167724609e+09 4.845906539214266950e-01
1.420878141167968750e+09 4.340967845187510554e-01
1.420878141168212891e+09 2.953340031487144413e-01
1.420878141168457031e+09 1.061195330020147376e-01
1.420878141168701172e+09 -8.495965049492976151e-02
1.420878141168945312e+09 -2.317791551503666780e-01
1.420878141169189453e+09 -3.018117098075894233e-01
1.420878141169433594e+09 -2.821143126942605162e-01
1.420878141169677734e+09 -1.790524178119968779e-01
1.420878141169921875e+09 -1.274819253979758704e-02
1.420878141170166016e+09 1.912113192095379333e-01
1.420878141170410156e+09 4.097491449293779175e-01
1.420878141170654297e+09 6.274808767716116842e-01
1.420878141170898438e+09 8.379894336810409516e-01
1.420878141171142578e+09 1.041637914065395965e+00
1.420878141171386719e+09 1.241526775512006520e+00
1.420878141171630859e+09 1.439567574888075407e+00
1.420878141171875000e+09 1.634174157697435792e+00
1.420878141172119141e+09 1.820066651548673420e+00
1.420878141172363281e+09 1.989641338615172783e+00
1.420878141172607422e+09 2.134744981040386236e+00
1.420878141172851562e+09 2.247740531657398400e+00
1.420878141173095703e+09 2.321382945945642984e+00
1.420878141173339844e+09 2.347895753264791274e+00
1.420878141173583984e+09 2.318302985879608258e+00
1.420878141173828125e+09 2.223175140177107600e+00
1.420878141174072266e+09 2.055394570961877054e+00
1.420878141174316406e+09 1.814537756579591488e+00
1.420878141174560547e+09 1.511428912044034067e+00
1.420878141174804688e+09 1.170809272718544403e+00
1.420878141175048828e+09 8.302225169386612258e-01
1.420878141175292969e+09 5.342050823786472780e-01
1.420878141175537109e+09 3.244423242455822254e-01
1.420878141175781250e+09 2.282026586188055095e-01
1.420878141176025391e+09 2.484846596706755673e-01
1.420878141176269531e+09 3.594072318939288690e-01
1.420878141176513672e+09 5.092465924785373188e-01
1.420878141176757812e+09 6.313968759845025591e-01
1.420878141177001953e+09 6.610102570043390191e-01
1.420878141177246094e+09 5.529761530427916849e-01
1.420878141177490234e+09 2.959880201652499432e-01
1.420878141177734375e+09 -8.185254706362715682e-02
1.420878141177978516e+09 -5.182178499515885939e-01
1.420878141178222656e+09 -9.317044281634456748e-01
1.420878141178466797e+09 -1.243042298506972010e+00
1.420878141178710938e+09 -1.396423137349555255e+00
1.420878141178955078e+09 -1.374753386532225230e+00
1.420878141179199219e+09 -1.204316338135072550e+00
1.420878141179443359e+09 -9.474514765918203851e-01
1.420878141179687500e+09 -6.854470248206037120e-01
1.420878141179931641e+09 -4.967422570090139211e-01
1.420878141180175781e+09 -4.368244529395900466e-01
1.420878141180419922e+09 -5.254939015171075090e-01
1.420878141180664062e+09 -7.447319617473480147e-01
1.420878141180908203e+09 -1.047070496844886067e+00
1.420878141181152344e+09 -1.371221476512761051e+00
1.420878141181396484e+09 -1.659775298757610429e+00
1.420878141181640625e+09 -1.873578487328085407e+00
1.420878141181884766e+09 -1.998916114863910964e+00
1.420878141182128906e+09 -2.046244532589676979e+00
1.420878141182373047e+09 -2.042003297005580364e+00
1.420878141182617188e+09 -2.017046360522065207e+00
1.420878141182861328e+09 -1.995868402132724206e+00
1.420878141183105469e+09 -1.989979766249348359e+00
1.420878141183349609e+09 -1.996931059833442212e+00
1.420878141183593750e+09 -2.004353223718902122e+00
1.420878141183837891e+09 -1.996734398908410979e+00
1.420878141184082031e+09 -1.962023080204147396e+00
1.420878141184326172e+09 -1.895635811548130434e+00
1.420878141184570312e+09 -1.800753213780923678e+00
1.420878141184814453e+09 -1.685345588829294750e+00
1.420878141185058594e+09 -1.557582608803863122e+00
1.420878141185302734e+09 -1.421740772930500052e+00
1.420878141185546875e+09 -1.276331803159379774e+00
1.420878141185791016e+09 -1.115156213922518180e+00
1.420878141186035156e+09 -9.307668876039276729e-01
1.420878141186279297e+09 -7.188709262843242520e-01
1.420878141186523438e+09 -4.818377749897762574e-01
1.420878141186767578e+09 -2.298190157878050588e-01
1.420878141187011719e+09 2.112343260345067586e-02
1.420878141187255859e+09 2.533624730452018747e-01
1.420878141187500000e+09 4.530480925746965815e-01
1.420878141187744141e+09 6.145174323614974732e-01
1.420878141187988281e+09 7.420760777409851627e-01
1.420878141188232422e+09 8.483234401133145086e-01
1.420878141188476562e+09 9.494212678314497555e-01
1.420878141188720703e+09 1.058857827498350890e+00
1.420878141188964844e+09 1.181910474236932629e+00
1.420878141189208984e+09 1.312887796632297821e+00
1.420878141189453125e+09 1.436345578847690430e+00
1.420878141189697266e+09 1.532108548461751374e+00
1.420878141189941406e+09 1.582563545702784236e+00
1.420878141190185547e+09 1.579800464028135343e+00
1.420878141190429688e+09 1.530086506282303027e+00
1.420878141190673828e+09 1.453922247804846801e+00
1.420878141190917969e+09 1.381318725121053692e+00
1.420878141191162109e+09 1.343517681236610972e+00
1.420878141191406250e+09 1.363639330147840001e+00
1.420878141191650391e+09 1.449249832213606926e+00
1.420878141191894531e+09 1.589379689516352778e+00
1.420878141192138672e+09 1.757184915784643753e+00
1.420878141192382812e+09 1.917619286144748969e+00
1.420878141192626953e+09 2.037772194771153789e+00
1.420878141192871094e+09 2.096526435456547155e+00
1.420878141193115234e+09 2.090299458162266255e+00
1.420878141193359375e+09 2.032875582719506191e+00
1.420878141193603516e+09 1.949333466697711570e+00
1.420878141193847656e+09 1.866148989680616932e+00
1.420878141194091797e+09 1.800972744259921487e+00
1.420878141194335938e+09 1.755807228585127833e+00
1.420878141194580078e+09 1.716204111991237902e+00
1.420878141194824219e+09 1.656995010650028410e+00
1.420878141195068359e+09 1.552663657011805753e+00
1.420878141195312500e+09 1.388616218229280275e+00
1.420878141195556641e+09 1.169019306942243874e+00
1.420878141195800781e+09 9.178537508903844566e-01
1.420878141196044922e+09 6.721305935938048925e-01
1.420878141196289062e+09 4.690866982270889274e-01
1.420878141196533203e+09 3.316066580144422238e-01
1.420878141196777344e+09 2.571792060604666252e-01
1.420878141197021484e+09 2.148999658181220407e-01
1.420878141197265625e+09 1.525321091842399002e-01
1.420878141197509766e+09 1.221072148154078718e-02
1.420878141197753906e+09 -2.498186912390351067e-01
1.420878141197998047e+09 -6.458597341343700338e-01
1.420878141198242188e+09 -1.147977263867713926e+00
1.420878141198486328e+09 -1.691500660326109129e+00
1.420878141198730469e+09 -2.190702112797356271e+00
1.420878141198974609e+09 -2.562473172385381304e+00
1.420878141199218750e+09 -2.750921060491013037e+00
1.420878141199462891e+09 -2.745097709735421887e+00
1.420878141199707031e+09 -2.583897288880510956e+00
1.420878141199951172e+09 -2.346011950980884553e+00
1.420878141200195312e+09 -2.127520874102444282e+00
1.420878141200439453e+09 -2.013688542767335665e+00
1.420878141200683594e+09 -2.053537593377997794e+00
1.420878141200927734e+09 -2.245050389695145476e+00
1.420878141201171875e+09 -2.535628237542426611e+00
1.420878141201416016e+09 -2.837707159539585522e+00
1.420878141201660156e+09 -3.054703159487454744e+00
1.420878141201904297e+09 -3.109256238695838448e+00
1.420878141202148438e+09 -2.965092331733041320e+00
1.420878141202392578e+09 -2.635929867213351319e+00
1.420878141202636719e+09 -2.179030196980764167e+00
1.420878141202880859e+09 -1.675866807924163870e+00
1.420878141203125000e+09 -1.206386594391166689e+00
1.420878141203369141e+09 -8.251802592347977638e-01
1.420878141203613281e+09 -5.470103915440627240e-01
1.420878141203857422e+09 -3.459003694577594823e-01
1.420878141204101562e+09 -1.674715187566685470e-01
1.420878141204345703e+09 5.006625927880381521e-02
1.420878141204589844e+09 3.535149943748576717e-01
1.420878141204833984e+09 7.583118523876957173e-01
1.420878141205078125e+09 1.243335797160703526e+00
1.420878141205322266e+09 1.758151870884250956e+00
1.420878141205566406e+09 2.239752252774220853e+00
1.420878141205810547e+09 2.632781630620455005e+00
1.420878141206054688e+09 2.906286106182178308e+00
1.420878141206298828e+09 3.061456667661829556e+00
1.420878141206542969e+09 3.128092834675190836e+00
1.420878141206787109e+09 3.151429937717424856e+00
1.420878141207031250e+09 3.174206115995452659e+00
1.420878141207275391e+09 3.220317996347438871e+00
1.420878141207519531e+09 3.285680737188240830e+00
1.420878141207763672e+09 3.339281759859984877e+00
1.420878141208007812e+09 3.333843168209836616e+00
1.420878141208251953e+09 3.222226445260025329e+00
1.420878141208496094e+09 2.973833720781994927e+00
1.420878141208740234e+09 2.585386800132457363e+00
1.420878141208984375e+09 2.082502691274113360e+00
1.420878141209228516e+09 1.511687111879135070e+00
1.420878141209472656e+09 9.256150178798518979e-01
1.420878141209716797e+09 3.667627358573920526e-01
1.420878141209960938e+09 -1.450993743410945447e-01
1.420878141210205078e+09 -6.174357146834141830e-01
1.420878141210449219e+09 -1.080076347256112124e+00
1.420878141210693359e+09 -1.572604211677056441e+00
1.420878141210937500e+09 -2.128090676847876672e+00
1.420878141211181641e+09 -2.758320727965106300e+00
1.420878141211425781e+09 -3.445047665875916376e+00
1.420878141211669922e+09 -4.139847944327604168e+00
1.420878141211914062e+09 -4.772505908649252504e+00
1.420878141212158203e+09 -5.265398413718370918e+00
1.420878141212402344e+09 -5.549796931210043915e+00
1.420878141212646484e+09 -5.579745575809138103e+00
1.420878141212890625e+09 -5.340167405980354332e+00
1.420878141213134766e+09 -4.847689648069117396e+00
1.420878141213378906e+09 -4.144749308434894530e+00
1.420878141213623047e+09 -3.289234988735558751e+00
1.420878141213867188e+09 -2.342806783158442485e+00
1.420878141214111328e+09 -1.360955967671889422e+00
1.420878141214355469e+09 -3.869455067563269957e-01
1.420878141214599609e+09 5.496408589361667651e-01
1.420878141214843750e+09 1.430458788960454530e+00
1.420878141215087891e+09 2.243831172009953967e+00
1.420878141215332031e+09 2.980152232094373854e+00
1.420878141215576172e+09 3.628986461863168866e+00
1.420878141215820312e+09 4.178640345026913394e+00
1.420878141216064453e+09 4.617848913419570600e+00
1.420878141216308594e+09 4.938288860575791084e+00
1.420878141216552734e+09 5.136231298651624755e+00
1.420878141216796875e+09 5.211939518909285418e+00
1.420878141217041016e+09 5.166341554082098497e+00
1.420878141217285156e+09 4.995786627163936622e+00
1.420878141217529297e+09 4.686892852178837998e+00
1.420878141217773438e+09 4.214136757197257666e+00
1.420878141218017578e+09 3.542569316815550096e+00
1.420878141218261719e+09 2.636782625755301979e+00
1.420878141218505859e+09 1.475255852578797988e+00
1.420878141218750000e+09 6.704451950271250738e-02
1.420878141218994141e+09 -1.533839898649245193e+00
1.420878141219238281e+09 -3.221441424534834397e+00
1.420878141219482422e+09 -4.842244174304664917e+00
1.420878141219726562e+09 -6.212399786329226181e+00
1.420878141219970703e+09 -7.145925100917358996e+00
1.420878141220214844e+09 -7.488737182289788130e+00
1.420878141220458984e+09 -7.151193611712004738e+00
1.420878141220703125e+09 -6.131410894588642080e+00
1.420878141220947266e+09 -4.523297722809579646e+00
1.420878141221191406e+09 -2.506614836579447836e+00
1.420878141221435547e+09 -3.205812247184973707e-01
1.420878141221679688e+09 1.773570135232691580e+00
1.420878141221923828e+09 3.533209029311332294e+00
1.420878141222167969e+09 4.769825070919613275e+00
1.420878141222412109e+09 5.372903687206963319e+00
1.420878141222656250e+09 5.318874515319190088e+00
1.420878141222900391e+09 4.665576407591323083e+00
1.420878141223144531e+09 3.535754464095413940e+00
1.420878141223388672e+09 2.094688933816314158e+00
1.420878141223632812e+09 5.269081030554225720e-01
1.420878141223876953e+09 -9.845623717915537032e-01
1.420878141224121094e+09 -2.275002543417316225e+00
1.420878141224365234e+09 -3.211130288818337952e+00
1.420878141224609375e+09 -3.701546439842821279e+00
1.420878141224853516e+09 -3.705071153938807704e+00
1.420878141225097656e+09 -3.236410801807320325e+00
1.420878141225341797e+09 -2.367428837631263772e+00
1.420878141225585938e+09 -1.221824854019718298e+00
1.420878141225830078e+09 3.831273684196800922e-02
1.420878141226074219e+09 1.233863505156244322e+00
1.420878141226318359e+09 2.195395299964622904e+00
1.420878141226562500e+09 2.790600094694142719e+00
1.420878141226806641e+09 2.946730866538922022e+00
1.420878141227050781e+09 2.662808695987021856e+00
1.420878141227294922e+09 2.008422190297534105e+00
1.420878141227539062e+09 1.109052099973423244e+00
1.420878141227783203e+09 1.211332918505766409e-01
1.420878141228027344e+09 -7.974626822493712242e-01
1.420878141228271484e+09 -1.514915853213408603e+00
1.420878141228515625e+09 -1.945181408151618330e+00
1.420878141228759766e+09 -2.056572626573533569e+00
1.420878141229003906e+09 -1.868907238425223660e+00
1.420878141229248047e+09 -1.441760939246357287e+00
1.420878141229492188e+09 -8.581376460072336343e-01
1.420878141229736328e+09 -2.081269215180195920e-01
1.420878141229980469e+09 4.240221464769402537e-01
1.420878141230224609e+09 9.679483770702189682e-01
1.420878141230468750e+09 1.370863237358531217e+00
1.420878141230712891e+09 1.598643678304839888e+00
1.420878141230957031e+09 1.636257223743266209e+00
1.420878141231201172e+09 1.488597715179961867e+00
1.420878141231445312e+09 1.181472947745177526e+00
1.420878141231689453e+09 7.613380429451386266e-01
1.420878141231933594e+09 2.919821513749390474e-01
1.420878141232177734e+09 -1.530091376073403620e-01
1.420878141232421875e+09 -5.017580006578631346e-01
1.420878141232666016e+09 -6.975885811470713405e-01
1.420878141232910156e+09 -7.112286743960412050e-01
1.420878141233154297e+09 -5.481333392921756698e-01
1.420878141233398438e+09 -2.482889897945404489e-01
1.420878141233642578e+09 1.221668733280842079e-01
1.420878141233886719e+09 4.857797528074980220e-01
1.420878141234130859e+09 7.713226887771869045e-01
1.420878141234375000e+09 9.293822721088059735e-01
1.420878141234619141e+09 9.418325717501628835e-01
1.420878141234863281e+09 8.228672589479563149e-01
1.420878141235107422e+09 6.118068012570264669e-01
1.420878141235351562e+09 3.603243765610166238e-01
1.420878141235595703e+09 1.182379661391079195e-01
1.420878141235839844e+09 -7.787879130486158319e-02
1.420878141236083984e+09 -2.102892395843090068e-01
1.420878141236328125e+09 -2.790722568265454617e-01
1.420878141236572266e+09 -2.959347072768575004e-01
1.420878141236816406e+09 -2.758956289991706390e-01
1.420878141237060547e+09 -2.302834034303297417e-01
1.420878141237304688e+09 -1.636290520885330113e-01
1.420878141237548828e+09 -7.528750448792870253e-02
1.420878141237792969e+09 3.535772843515918445e-02
1.420878141238037109e+09 1.627247638895058524e-01
1.420878141238281250e+09 2.909550292670530225e-01
1.420878141238525391e+09 3.942318885418444885e-01
1.420878141238769531e+09 4.421344657540235423e-01
1.420878141239013672e+09 4.086800436730685382e-01
1.420878141239257812e+09 2.821180587044657129e-01
1.420878141239501953e+09 7.192604110336967005e-02
1.420878141239746094e+09 -1.899177669067700358e-01
1.420878141239990234e+09 -4.546038414299688468e-01
1.420878141240234375e+09 -6.680627080872257872e-01
1.420878141240478516e+09 -7.853299893621346062e-01
1.420878141240722656e+09 -7.834353981651316357e-01
1.420878141240966797e+09 -6.687330542540994571e-01
1.420878141241210938e+09 -4.761303706389717894e-01
1.420878141241455078e+09 -2.601103247021063214e-01
1.420878141241699219e+09 -8.000086032138473136e-02
1.420878141241943359e+09 1.621680337320258181e-02
1.420878141242187500e+09 4.771303122743680847e-03
1.420878141242431641e+09 -1.081350721556597894e-01
1.420878141242675781e+09 -2.892286766715542190e-01
1.420878141242919922e+09 -4.886340983910349989e-01
1.420878141243164062e+09 -6.545484182194334366e-01
1.420878141243408203e+09 -7.476072081768871946e-01
1.420878141243652344e+09 -7.507250421987853306e-01
1.420878141243896484e+09 -6.717919340006239803e-01
1.420878141244140625e+09 -5.389486687187738934e-01
1.420878141244384766e+09 -3.904646457144534955e-01
1.420878141244628906e+09 -2.627598895767727094e-01
1.420878141244873047e+09 -1.803962977543470403e-01
1.420878141245117188e+09 -1.508920189638022769e-01
1.420878141245361328e+09 -1.653893068895515572e-01
1.420878141245605469e+09 -2.042005089550066321e-01
1.420878141245849609e+09 -2.447653939118205890e-01
1.420878141246093750e+09 -2.690533010152164062e-01
1.420878141246337891e+09 -2.680314566324916714e-01
1.420878141246582031e+09 -2.421891702415377434e-01
1.420878141246826172e+09 -1.986788362312340295e-01
1.420878141247070312e+09 -1.467976464059185804e-01
1.420878141247314453e+09 -9.388676878306241591e-02
1.420878141247558594e+09 -4.321841403813840576e-02
1.420878141247802734e+09 5.630752003907779635e-03
1.420878141248046875e+09 5.456836808757950519e-02
1.420878141248291016e+09 1.043287266899309840e-01
1.420878141248535156e+09 1.528182917089559723e-01
1.420878141248779297e+09 1.953057671835326803e-01
1.420878141249023438e+09 2.263235628336117133e-01
1.420878141249267578e+09 2.422591609445121086e-01
1.420878141249511719e+09 2.432244280923024637e-01
1.420878141249755859e+09 2.330895469199328052e-01
1.420878141250000000e+09 2.174387898570613598e-01
1.420878141250244141e+09 2.002672588505449991e-01
1.420878141250488281e+09 1.810072397532676847e-01
1.420878141250732422e+09 1.535691454061874628e-01
1.420878141250976562e+09 1.083933516519815232e-01
1.420878141251220703e+09 3.725461162682279503e-02
1.420878141251464844e+09 -6.077745023489788956e-02
1.420878141251708984e+09 -1.746732441223868837e-01
1.420878141251953125e+09 -2.804735215644852953e-01
1.420878141252197266e+09 -3.453623507669554282e-01
1.420878141252441406e+09 -3.363730883446387487e-01
1.420878141252685547e+09 -2.314596560880151088e-01
1.420878141252929688e+09 -2.940783643350480814e-02
1.420878141253173828e+09 2.450573865926837791e-01
1.420878141253417969e+09 5.434360939416104097e-01
1.420878141253662109e+09 8.031958991951044791e-01
1.420878141253906250e+09 9.629364742221667717e-01
1.420878141254150391e+09 9.788773761182891775e-01
1.420878141254394531e+09 8.378272056153478475e-01
1.420878141254638672e+09 5.625549849999599283e-01
1.420878141254882812e+09 2.075775510255919998e-01
1.420878141255126953e+09 -1.538169137128644892e-01
1.420878141255371094e+09 -4.478392662758752252e-01
1.420878141255615234e+09 -6.186446861504883987e-01
1.420878141255859375e+09 -6.417257150483371975e-01
1.420878141256103516e+09 -5.285138977599597165e-01
1.420878141256347656e+09 -3.210823846395708392e-01
1.420878141256591797e+09 -7.879776648491970681e-02
1.420878141256835938e+09 1.388770697814137589e-01
1.420878141257080078e+09 2.882142528073744492e-01
1.420878141257324219e+09 3.511073340600597836e-01
1.420878141257568359e+09 3.364904800108280969e-01
1.420878141257812500e+09 2.735521259490854007e-01
1.420878141258056641e+09 1.995860650534589109e-01
1.420878141258300781e+09 1.468512211867734618e-01
1.420878141258544922e+09 1.328084054507185918e-01
1.420878141258789062e+09 1.566270196193009778e-01
1.420878141259033203e+09 2.024775249124904919e-01
1.420878141259277344e+09 2.477178134018377387e-01
1.420878141259521484e+09 2.724957470767976342e-01
1.420878141259765625e+09 2.670541113933875277e-01
1.420878141260009766e+09 2.341634183894032994e-01
1.420878141260253906e+09 1.861505117045454405e-01
1.420878141260498047e+09 1.381479106250562694e-01
1.420878141260742188e+09 1.006450069286672355e-01
1.420878141260986328e+09 7.463421220129599909e-02
1.420878141261230469e+09 5.153922855282647153e-02
1.420878141261474609e+09 1.811087771941485847e-02
1.420878141261718750e+09 -3.565631360080689927e-02
1.420878141261962891e+09 -1.089641556323704685e-01
1.420878141262207031e+09 -1.865195540677849484e-01
1.420878141262451172e+09 -2.409351119307137079e-01
1.420878141262695312e+09 -2.411417834689837669e-01
1.420878141262939453e+09 -1.642446209700134940e-01
1.420878141263183594e+09 -6.539856278616806851e-03
1.420878141263427734e+09 2.107858072341894928e-01
1.420878141263671875e+09 4.442231442189976121e-01
1.420878141263916016e+09 6.389082402102381764e-01
1.420878141264160156e+09 7.449895420265126855e-01
1.420878141264404297e+09 7.341082858150798085e-01
1.420878141264648438e+09 6.101926002696198559e-01
1.420878141264892578e+09 4.103360761116764399e-01
1.420878141265136719e+09 1.947376591083186947e-01
1.420878141265380859e+09 2.844529151219918339e-02
1.420878141265625000e+09 -3.935741319752238121e-02
1.420878141265869141e+09 8.342064992118522482e-03
1.420878141266113281e+09 1.501253652424064111e-01
1.420878141266357422e+09 3.323441440556458293e-01
1.420878141266601562e+09 4.860304133525931158e-01
1.420878141266845703e+09 5.490915737220960491e-01
1.420878141267089844e+09 4.864783273174559941e-01
1.420878141267333984e+09 3.016074862083804042e-01
1.420878141267578125e+09 3.522880849068688036e-02
1.420878141267822266e+09 -2.478399568594717994e-01
1.420878141268066406e+09 -4.795853357075257617e-01
1.420878141268310547e+09 -6.102118559857205859e-01
1.420878141268554688e+09 -6.229292699084328921e-01
1.420878141268798828e+09 -5.373067064352770039e-01
1.420878141269042969e+09 -4.003747583929953002e-01
1.420878141269287109e+09 -2.688724582230452298e-01
1.420878141269531250e+09 -1.890166336711564532e-01
1.420878141269775391e+09 -1.808962174664429101e-01
1.420878141270019531e+09 -2.328383597395373150e-01
1.420878141270263672e+09 -3.075000334901917820e-01
1.420878141270507812e+09 -3.572883751114805384e-01
1.420878141270751953e+09 -3.434619998031902544e-01
1.420878141270996094e+09 -2.520284281533608506e-01
1.420878141271240234e+09 -1.007202893933338839e-01
1.420878141271484375e+09 6.553786206800821246e-02
1.420878141271728516e+09 1.892656685933325200e-01
1.420878141271972656e+09 2.202610335959116483e-01
1.420878141272216797e+09 1.338939065449751553e-01
1.420878141272460938e+09 -5.844863836062638707e-02
1.420878141272705078e+09 -3.105381324687532807e-01
1.420878141272949219e+09 -5.540750965556839880e-01
1.420878141273193359e+09 -7.192154767808753846e-01
1.420878141273437500e+09 -7.564308720221062377e-01
1.420878141273681641e+09 -6.527621014325301063e-01
1.420878141273925781e+09 -4.372346006453487477e-01
1.420878141274169922e+09 -1.735783819462077548e-01
1.420878141274414062e+09 5.765956769758212586e-02
1.420878141274658203e+09 1.822655989568923718e-01
1.420878141274902344e+09 1.538660143270000891e-01
1.420878141275146484e+09 -3.254423562329572528e-02
1.420878141275390625e+09 -3.389213677814011394e-01
1.420878141275634766e+09 -6.946633316192234453e-01
1.420878141275878906e+09 -1.016049882220945388e+00
1.420878141276123047e+09 -1.228907052157125257e+00
1.420878141276367188e+09 -1.287995835450014059e+00
1.420878141276611328e+09 -1.187747551117166900e+00
1.420878141276855469e+09 -9.616117950683287230e-01
1.420878141277099609e+09 -6.706461608757445791e-01
1.420878141277343750e+09 -3.850679460101393836e-01
1.420878141277587891e+09 -1.644062063287639319e-01
1.420878141277832031e+09 -4.208907883208373724e-02
1.420878141278076172e+09 -1.874603362213478341e-02
1.420878141278320312e+09 -6.570118600922850161e-02
1.420878141278564453e+09 -1.369672094670099094e-01
1.420878141278808594e+09 -1.855093751459853391e-01
1.420878141279052734e+09 -1.784172967955393319e-01
1.420878141279296875e+09 -1.062254486268446318e-01
1.420878141279541016e+09 1.626691577269551159e-02
1.420878141279785156e+09 1.574237863087905864e-01
1.420878141280029297e+09 2.814692762258094727e-01
1.420878141280273438e+09 3.618256365211657832e-01
1.420878141280517578e+09 3.904242281846145857e-01
1.420878141280761719e+09 3.798669300623984668e-01
1.420878141281005859e+09 3.578867299337114560e-01
1.420878141281250000e+09 3.562569307273749097e-01
1.420878141281494141e+09 3.982089591103282200e-01
1.420878141281738281e+09 4.889042262817212547e-01
1.420878141281982422e+09 6.124179106971455733e-01
1.420878141282226562e+09 7.364116730284423484e-01
1.420878141282470703e+09 8.229789694181808279e-01
1.420878141282714844e+09 8.419655917982797888e-01
1.420878141282958984e+09 7.821555422565567017e-01
1.420878141283203125e+09 6.563909233512436048e-01
1.420878141283447266e+09 4.987342398222469608e-01
1.420878141283691406e+09 3.544767634180451821e-01
1.420878141283935547e+09 2.662151501071588489e-01
1.420878141284179688e+09 2.605326114543620175e-01
1.420878141284423828e+09 3.395978049840528978e-01
1.420878141284667969e+09 4.803379774186408713e-01
1.420878141284912109e+09 6.413397897875434683e-01
1.420878141285156250e+09 7.751353402752645394e-01
1.420878141285400391e+09 8.418691342600634897e-01
1.420878141285644531e+09 8.200429243691176318e-01
1.420878141285888672e+09 7.111612908890569962e-01
1.420878141286132812e+09 5.372318921461648467e-01
